10138632
10176815
10228751
10289113
10395944
10464113
10480456
10501991
10541358
10641230
10704573
10712803
10748989
10820510
10985403
11289482
11522068
11551946
11605833
12059198
12082377
12192507
12230301
12351749
12467531
12546838
12814706
13080868
13195436
13199813
13234267
13264154
13296856
13348915
13405229
13565152
13574264
13812481
14055971
14070138
14241621
14267489
14413148
14667957
14752209
14789139
14825300
14861855
14871762
15224503
15233524
15581242
15620421
15684810
15765660
15811992
15918496
16091352
16203589
16210888
16223371
16280971
16449850
16519708
16694152
16846478
17095812
17115815
17410700
17509935
17576030
17602815
17624934
17694454
17704246
17730889
17781039
17915015
17926546
17960690
18062906
18159866
18171955
18236085
18293620
18328743
18365443
18368613
18484846
18757174
18767449
18784594
18824120
18949843
19037403
19124258
19147494
19284293
19557384
19582792
20026169
20141807
20317319
20357858
20423658
20427934
20565849
20633855
20748929
20819838
20969845
20977412
20981299
21363048
21531811
21550454
21567392
21912637
22056333
22349169
22765255
22855060
23396633
23617240
23760084
23782450
23944036
24412546
24544244
24610685
24647386
24673903
24854026
24994145
25101183
25224998
25330083
25370801
25625173
25810233
25813953
26013403
26231609
26278597
26530696
26581830
26896699
26932091
26961846
26994282
27004930
27139412
27213082
27219200
27330027
27607632
27624540
27796199
27914096
28013287
28020046
28063132
28139742
28186635
28230807
28522529
28758002
28772892
28815362
28867567
28916894
28923650
29061628
29134721
29165698
29167286
29184740
29211919
29332616
29908929
30608780
30757456
30938994
30968749
31273310
31552617
31638814
31813535
32025286
32042584
32385553
32773331
33381211
34046031
34250007
34303500
34792238
34797369
35157762
35172961
35422305
35651876
36206485
36366044
36574147
37391947
37521676
37540732
37931076
38087844
38441665
38650096
38688388
39237915
39581020
39674782
39718499
40792022
40987524
42427521
43752620
43994605
45907524
47276718
49646155
50328713
54101961
55097118
55104715
56286525
58428843
59422148
59696315
59818742
60182829
61634281
61677751
62555739
63145386
64017585
65219288
65708020
67501448
71888547
76196367
76916835
77576845
78114950
79376680
79759716
80275976
81310245
82118447
84356308
85918100
86209934
86595128
88038965
89197180
90280583
90629382
91431878
92200491
92524964
93653247
94503308
96029688
96260484
98309114
98379112
98509238