10030015
10138632
10176013
10176815
10219099
10228751
10289113
10395944
10428916
10464113
10480456
10501991
10541358
10549585
10641230
10704573
10712803
10734870
10748989
10816645
10820510
10985403
11169163
11289482
11332602
11490673
11522068
11551946
11605833
11804712
11959428
11995013
12059198
12071138
12082377
12192507
12230301
12239749
12334650
12351749
12386670
12413512
12420359
12467531
12546838
12654876
12717345
12814706
12839152
12858898
12890045
13080868
13173522
13195436
13199813
13212436
13215696
13234267
13264154
13296856
13348915
13405229
13565152
13574264
13586069
13675377
13774329
13812481
14055971
14070138
14106638
14181049
14241621
14267489
14358578
14364597
14413148
14515954
14556869
14626780
14663897
14667957
14752209
14789139
14790629
14825300
14861855
14871762
14900898
15224503
15233524
15354126
15423153
15581242
15620421
15680735
15684810
15717923
15721849
15765660
15811992
15823995
15856762
15918496
15973307
16091352
16203589
16210888
16223371
16279537
16280971
16300459
16353584
16449850
16474898
16511249
16519708
16594812
16694152
16723524
16833515
16846478
16924279
17008356
17095812
17108676
17115815
17166018
17410700
17421910
17431847
17483843
17509935
17545780
17576030
17597372
17602815
17624934
17686472
17694454
17704246
17730889
17775916
17781039
17915015
17926546
17960690
17963031
18062906
18067556
18159866
18171955
18236085
18278509
18293620
18311419
18328743
18365443
18368613
18484846
18645964
18757174
18767449
18784594
18824120
18825446
18856440
18885767
18949843
18979238
19037403
19124258
19147494
19147603
19147947
19195747
19284293
19302310
19464810
19473948
19540089
19557384
19582792
19599699
19774173
20026169
20141807
20317319
20357858
20423658
20427934
20457611
20565486
20565849
20566550
20633855
20748929
20819838
20918464
20969845
20977412
20981299
20992320
21363048
21531811
21550454
21567392
21611637
21773106
21782152
21807224
21912637
22019500
22056333
22232367
22349169
22492537
22496394
22622351
22650051
22718826
22765255
22776912
22800977
22855060
22990761
23032182
23110214
23323001
23396633
23573064
23617240
23752500
23760084
23761385
23782450
23841877
23917826
23944036
23985183
24001783
24412546
24530382
24544244
24610685
24611721
24647386
24668861
24673903
24740005
24773845
24854026
24967652
24994145
25101183
25224998
25330083
25370801
25482567
25497147
25561640
25625173
25656981
25719936
25729119
25797445
25810233
25813953
25924968
26013403
26091595
26127853
26189601
26231609
26278597
26509539
26530575
26530696
26581830
26695839
26750846
26829350
26896699
26932091
26961846
26994282
27004930
27040860
27139412
27213082
27219200
27243670
27298953
27330027
27409087
27607632
27624540
27770859
27796199
27798860
27831220
27850777
27914096
27917969
28013287
28020046
28063132
28139742
28172023
28186635
28198029
28230807
28320387
28377361
28419927
28522529
28628090
28631840
28642819
28724469
28758002
28772892
28815362
28831442
28867567
28916894
28923650
29061628
29087505
29134721
29165698
29167286
29184740
29211919
29297393
29319314
29332616
29399491
29406313
29483501
29534737
29612672
29772450
29908929
29928796
29998869
30097175
30337969
30529547
30608780
30757456
30938994
30968749
31025785
31273310
31536294
31552617
31605080
31638814
31813535
32025286
32042584
32081266
32385553
32433431
32531824
32636041
32773331
32947778
32985311
33023370
33381211
33578873
33803142
34046031
34131484
34151183
34185495
34250007
34252537
34303500
34452806
34689720
34783330
34792238
34797369
35157762
35172961
35422305
3547447
35651876
35673335
36139251
36206485
36366044
36574147
36970996
37001381
37231163
37360517
37391947
37521676
37540732
37792474
37931076
38087844
38220146
38309905
38399177
38441665
38650096
38688388
38896303
39064638
39237915
39295103
39581020
39674782
39718499
40792022
40987524
42427521
43408471
43622023
43752620
43994605
44624796
45286020
45475027
45907524
47276718
47410104
47549345
48285304
48547319
49646155
49937469
50328713
51363762
54101961
55097118
55104715
55477468
55595908
55953734
56286525
56520872
56691064
57575888
58428843
58879993
58915642
59422148
59450123
59487170
59696315
59777056
59818742
60004873
60182829
61579998
61634281
61677751
62071407
62555739
63145386
64017585
65219288
65456466
65708020
65864767
66741193
67501448
68338341
69155584
69458502
69487178
71576860
71888547
73497035
74512244
74816727
76196367
76916835
77576845
78114950
78229715
79376680
79432080
79570655
79759716
80275976
80527194
81217013
81310245
81588968
82118447
82246962
83338413
84356308
85918100
86209934
86322251
86551046
86595128
86828820
87826037
88038965
88859947
89197180
90280583
90629382
90682785
91072502
91153752
91431878
91564103
92200491
92524964
93576192
93653247
94047639
94503308
96029688
96260484
96547039
98309114
98379112
98509238